function data()
return {
	times = { 0, 41.667, 83.333, 125, 166.667, 208.333, 250, 291.667, 333.333, 375, 416.667, 458.333, 500, 541.667, 583.333, 625, 666.667, 708.333, 750, 791.667, 833.333, },
	transfs = {
		{ 1, 0, 0, 0, 0, 1, 0, 0, 0, 0, 1, 0, 0, 0, 0, 1, },
		{ 0.99993515014648, 0.011388028040528, 0, 0, -0.011388028040528, 0.99993515014648, 0, 0, 0, 0, 1, 0, 0, 0, 0, 1, },
		{ 0.99903291463852, 0.043968118727207, 0, 0, -0.043968118727207, 0.99903291463852, 0, 0, 0, 0, 1, 0, 0, 0, 0, 1, },
		{ 0.99545037746429, 0.095281109213829, 0, 0, -0.095281109213829, 0.99545037746429, 0, 0, 0, 0, 1, 0, 0, 0, 0, 1, },
		{ 0.98668587207794, 0.16263715922832, 0, 0, -0.16263715922832, 0.98668587207794, 0, 0, 0, 0, 1, 0, 0, 0, 0, 1, },
		{ 0.97003120183945, 0.24298016726971, 0, 0, -0.24298016726971, 0.97003120183945, 0, 0, 0, 0, 1, 0, 0, 0, 0, 1, },
		{ 0.94299054145813, 0.33281952142715, 0, 0, -0.33281952142715, 0.94299054145813, 0, 0, 0, 0, 1, 0, 0, 0, 0, 1, },
		{ 0.90365314483643, 0.42826509475708, 0, 0, -0.42826509475708, 0.90365314483643, 0, 0, 0, 0, 1, 0, 0, 0, 0, 1, },
		{ 0.85099452733994, 0.52517455816269, 0, 0, -0.52517455816269, 0.85099452733994, 0, 0, 0, 0, 1, 0, 0, 0, 0, 1, },
		{ 0.78507375717163, 0.61940228939056, 0, 0, -0.61940228939056, 0.78507375717163, 0, 0, 0, 0, 1, 0, 0, 0, 0, 1, },
		{ 0.70710676908493, 0.70710676908493, 0, 0, -0.70710676908493, 0.70710676908493, 0, 0, 0, 0, 1, 0, 0, 0, 0, 1, },
		{ 0.61940240859985, 0.78507363796234, 0, 0, -0.78507363796234, 0.61940240859985, 0, 0, 0, 0, 1, 0, 0, 0, 0, 1, },
		{ 0.52517473697662, 0.85099440813065, 0, 0, -0.85099440813065, 0.52517473697662, 0, 0, 0, 0, 1, 0, 0, 0, 0, 1, },
		{ 0.42826491594315, 0.90365314483643, 0, 0, -0.90365314483643, 0.42826491594315, 0, 0, 0, 0, 1, 0, 0, 0, 0, 1, },
		{ 0.3328195810318, 0.94299054145813, 0, 0, -0.94299054145813, 0.3328195810318, 0, 0, 0, 0, 1, 0, 0, 0, 0, 1, },
		{ 0.24298016726971, 0.97003120183945, 0, 0, -0.97003120183945, 0.24298016726971, 0, 0, 0, 0, 1, 0, 0, 0, 0, 1, },
		{ 0.16263717412949, 0.98668587207794, 0, 0, -0.98668587207794, 0.16263717412949, 0, 0, 0, 0, 1, 0, 0, 0, 0, 1, },
		{ 0.095280833542347, 0.99545037746429, 0, 0, -0.99545037746429, 0.095280833542347, 0, 0, 0, 0, 1, 0, 0, 0, 0, 1, },
		{ 0.043968059122562, 0.99903291463852, 0, 0, -0.99903291463852, 0.043968059122562, 0, 0, 0, 0, 1, 0, 0, 0, 0, 1, },
		{ 0.011388229206204, 0.99993515014648, 0, 0, -0.99993515014648, 0.011388229206204, 0, 0, 0, 0, 1, 0, 0, 0, 0, 1, },
		{ 1.3315805347247e-07, 1, 0, 0, -1, 1.3315805347247e-07, 0, 0, 0, 0, 1, 0, 0, 0, 0, 1, },
	},
}
end
