function data()
return {
	times = { 0, 41.667, 83.333, 125, 166.667, 208.333, 250, 291.667, 333.333, 375, 416.667, 458.333, 500, 541.667, 583.333, 625, 666.667, 708.333, 750, 791.667, 833.333, },
	transfs = {
		{ 1, 0, 0, 0, 0, 1, 0, 0, 0, 0, 1, 0, 0, 0, 0, 1, },
		{ 0.99978202581406, -0.020876988768578, 0, 0, 0.020876988768578, 0.99978202581406, 0, 0, 0, 0, 1, 0, 0, 0, 0, 1, },
		{ 0.99675077199936, -0.080546870827675, 0, 0, 0.080546870827675, 0.99675077199936, 0, 0, 0, 0, 1, 0, 0, 0, 0, 1, },
		{ 0.98473560810089, -0.17405638098717, 0, 0, 0.17405638098717, 0.98473560810089, 0, 0, 0, 0, 1, 0, 0, 0, 0, 1, },
		{ 0.95548450946808, -0.29504108428955, 0, 0, 0.29504108428955, 0.95548450946808, 0, 0, 0, 0, 1, 0, 0, 0, 0, 1, },
		{ 0.90046113729477, -0.43493643403053, 0, 0, 0.43493643403053, 0.90046113729477, 0, 0, 0, 0, 1, 0, 0, 0, 0, 1, },
		{ 0.81269413232803, -0.58269041776657, 0, 0, 0.58269041776657, 0.81269413232803, 0, 0, 0, 0, 1, 0, 0, 0, 0, 1, },
		{ 0.68849694728851, -0.72523921728134, 0, 0, 0.72523921728134, 0.68849694728851, 0, 0, 0, 0, 1, 0, 0, 0, 0, 1, },
		{ 0.52873474359512, -0.84878706932068, 0, 0, 0.84878706932068, 0.52873474359512, 0, 0, 0, 0, 1, 0, 0, 0, 0, 1, },
		{ 0.33929225802422, -0.94068098068237, 0, 0, 0.94068098068237, 0.33929225802422, 0, 0, 0, 0, 1, 0, 0, 0, 0, 1, },
		{ 0.13052618503571, -0.9914448261261, 0, 0, 0.9914448261261, 0.13052618503571, 0, 0, 0, 0, 1, 0, 0, 0, 0, 1, },
		{ -0.084264777600765, -0.99644333124161, 0, 0, 0.99644333124161, -0.084264777600765, 0, 0, 0, 0, 1, 0, 0, 0, 0, 1, },
		{ -0.2910361289978, -0.95671200752258, 0, 0, 0.95671200752258, -0.2910361289978, 0, 0, 0, 0, 1, 0, 0, 0, 0, 1, },
		{ -0.4773311316967, -0.87872350215912, 0, 0, 0.87872350215912, -0.4773311316967, 0, 0, 0, 0, 1, 0, 0, 0, 0, 1, },
		{ -0.6341906785965, -0.77317667007446, 0, 0, 0.77317667007446, -0.6341906785965, 0, 0, 0, 0, 1, 0, 0, 0, 0, 1, },
		{ -0.75720876455307, -0.65317285060883, 0, 0, 0.65317285060883, -0.75720876455307, 0, 0, 0, 0, 1, 0, 0, 0, 0, 1, },
		{ -0.8465650677681, -0.53228521347046, 0, 0, 0.53228521347046, -0.8465650677681, 0, 0, 0, 0, 1, 0, 0, 0, 0, 1, },
		{ -0.9061324596405, -0.42299398779869, 0, 0, 0.42299398779869, -0.9061324596405, 0, 0, 0, 0, 1, 0, 0, 0, 0, 1, },
		{ -0.94194012880325, -0.33578079938889, 0, 0, 0.33578079938889, -0.94194012880325, 0, 0, 0, 0, 1, 0, 0, 0, 0, 1, },
		{ -0.96031183004379, -0.2789286673069, 0, 0, 0.2789286673069, -0.96031183004379, 0, 0, 0, 0, 1, 0, 0, 0, 0, 1, },
		{ -0.96592575311661, -0.25881904363632, 0, 0, 0.25881904363632, -0.96592575311661, 0, 0, 0, 0, 1, 0, 0, 0, 0, 1, },
	},
}
end
